Wall 60.0 80.0 60.0 600.0
Wall 60.0 600.0 750.0 600.0
Wall 750.0 80.0 750.0 600.0
Wall 60.0 80.0 750.0 80.0
Wall 400.0 80.0 400.0 200.0
Door 400.0 200.0 400.0 300.0
Wall 400.0 300.0 400.0 400.0
Window 400.0 400.0 400.0 500.0
Wall 400.0 500.0 400.0 600.0
Enemy 120.0 400.0
Waypoint 120.0 400.0
Waypoint 350.0 400.0
Wall 480.0 250.0 680.0 250.0
Wall 480.0 400.0 680.0 400.0
Wall 480.0 250.0 480.0 400.0
Wall 680.0 250.0 680.0 400.0
Enemy 120.0 200.0
Waypoint 120.0 200.0
Waypoint 350.0 200.0
Wall 630.0 80.0 630.0 120.0
Door 630.0 120.0 630.0 170.0
Wall 630.0 170.0 630.0 230.0
Wall 630.0 230.0 750.0 230.0
Toillete 670.0 150.0
SpoiledSandwich 700.0 350.0