Wall 60.0 80.0 60.0 760.0
Wall 60.0 760.0 750.0 760.0
Wall 750.0 80.0 750.0 760.0
Wall 60.0 80.0 750.0 80.0
Wall 400.0 80.0 400.0 200.0
Door 400.0 200.0 400.0 300.0
Wall 400.0 300.0 400.0 400.0
Door 400.0 400.0 400.0 500.0
Wall 400.0 500.0 400.0 760.0
Enemy Batman 120.0 250.0 
Waypoint 120.0 250.0
Waypoint 120.0 250.0
Enemy Robin 320.0 250.0 
Waypoint 320.0 250.0
Waypoint 320.0 250.0
Enemy Kingpin 120.0 320.0 
Waypoint 120.0 320.0
Waypoint 120.0 320.0
Enemy Catwoman 320.0 320.0 
Waypoint 320.0 320.0
Waypoint 320.0 320.0
Wall 630.0 80.0 630.0 120.0
Door 630.0 120.0 630.0 170.0
Wall 630.0 170.0 630.0 230.0
Wall 630.0 230.0 750.0 230.0
Toillete None 670.0 150.0
SpoiledSandwich None 700.0 350.0
Knife None 700.0 500.0
Knife None 300.0 200.0
Knife None 300.0 600.0
Wall 490.0 550.0 540.0 550.0
Wall 490.0 550.0 490.0 590.0
Wall 490.0 590.0 540.0 590.0
Wall 540.0 550.0 540.0 590.0
Wall 590.0 550.0 640.0 550.0
Wall 590.0 550.0 590.0 590.0
Wall 590.0 590.0 640.0 590.0
Wall 640.0 550.0 640.0 590.0
Wall 490.0 640.0 540.0 640.0
Wall 490.0 640.0 490.0 680.0
Wall 490.0 680.0 540.0 680.0
Wall 540.0 640.0 540.0 680.0
Wall 590.0 640.0 640.0 640.0
Wall 590.0 640.0 590.0 680.0
Wall 590.0 680.0 640.0 680.0
Wall 640.0 640.0 640.0 680.0
Gun None 500.0 150.0
grenade None 500.0 250.0
Alarm None 500.0 420.0
Medkit None 500.0 320.0
Wall 60.0 380.0 400.0 380.0
Gun None 200.0 500.0
Gun None 300.0 500.0
Gun None 200.0 600.0